3
5 3
1 3 3 6 7
8 13 9 12 8
4 16 11 12 6
2 4 1 23 2
9 13 4 7 3
10 4
13 30 14 26 8 10 30 19 12 22
23 27 23 20 6 16 28 17 14 17
27 28 5 24 8 28 27 22 13 8
12 7 23 23 20 17 16 17 14 25
21 16 29 8 3 4 13 1 22 12
6 22 23 19 12 9 7 2 5 5
15 18 28 16 17 5 8 28 28 6
15 21 4 20 25 7 7 14 4 14
6 9 26 16 8 24 17 11 3 3
26 21 27 28 3 21 13 24 9 17
12 5
16 28 26 12 20 16 30 1 29 12 25 4
26 6 14 2 19 3 3 9 19 20 10 22
6 14 14 1 27 24 21 23 11 5 22 10
18 10 30 20 15 23 17 20 23 11 11 1
9 25 19 14 17 29 16 9 7 7 10 22
3 7 22 8 6 9 30 30 3 17 30 21
16 10 8 18 22 25 20 26 28 23 3 18
30 15 1 13 28 14 22 28 15 25 10 4
3 26 19 14 1 17 25 25 18 23 11 28
11 18 15 1 7 7 10 3 7 7 11 27
15 10 30 21 24 2 15 15 13 9 22 18
4 7 19 9 11 26 29 21 18 21 1 7